34,71
34,70
34,69
74,36
74,35
61,3
61,2
61,1
61,0
60,5
60,4
60,3
60,2
60,1
60,0
59,3
59,2
59,1
59,0
58,4
58,3
58,2
58,1
58,0
57,9
57,8
57,7
57,6
57,1
57,5
35,17
35,16
35,15
35,14
35,13
35,12
35,11
35,1
35,10
34,68
34,67
34,66
34,65
34,64
34,47
34,46
34,45
34,44
34,43
34,42
34,41
34,40
34,39
34,38
34,37
34,36
34,35
34,34
34,33
34,32
34,31
34,30
34,29
34,28
34,27
34,26
34,25
34,24
34,23
34,22
34,21
34,20
34,19
34,18
34,17
34,16
34,15
34,14
34,13
34,12
34,11
34,10
34,9
34,8
34,7
34,1
34,6
34,5
18,1
34,4
33,242
33,241
33,240
33,239
33,238
33,237
33,236
18,3
14,3
33,235
33,234
33,233
13,1
33,232
33,231
33,230
33,229
33,228
33,227
33,226
33,225
33,224
33,223
33,222
33,221
33,220
13,3
33,219
33,218
33,217
33,216
33,215
33,214
33,213
33,212
33,211
33,210
33,209
33,208
33,207
33,206
33,205
33,204
33,203
33,202
33,201
33,200
33,199
33,198
33,197
33,196
33,195
33,194
33,193
33,192
33,191
33,190
33,189
33,188
33,39
33,1
33,38
33,4
2,2
2,1
31,10
31,1
2,3
31,9
14,16
14,15
14,14
14,1
14,13
0,575
0,570
0,569
0,568
0,567
0,566
0,565
0,564
0,562
0,561
0,560
0,559
0,558
0,556
0,555
0,554
0,553
0,552
0,551
0,547
0,546
0,541
0,0
74,34
74,33
74,32
74,31
74,30
74,29
74,28
